function T = bf()
    T = [ [         10,   0,     32,   4.00871e-5,   7.81923e-5 ]; ...
	  [         20,   0,    768,   1.62923e-3,   1.46497e-4 ]; ...
	  [         30,   0,    512,   1.55252e-3,   1.75302e-4 ]; ...
	  [         50,   0,    256,   1.22533e-3,   9.76591e-5 ]; ...
	  [         70,   0,    256,   1.73892e-3,   1.28789e-4 ]; ...
	  [        100,   0,    128,   1.20029e-3,   9.34334e-5 ]; ...
	  [        200,   0,     64,   1.19871e-3,   9.64721e-5 ]; ...
	  [        300,   0,     64,   1.76610e-3,   8.23119e-5 ]; ...
	  [        500,   0,     32,   1.47499e-3,   5.31493e-5 ]; ...
	  [        700,   0,     16,   1.02890e-3,   1.24533e-4 ]; ...
	  [       1000,   0,     16,   1.49307e-3,   9.25279e-5 ]; ...
	  [       2000,   0,      8,   1.49677e-3,   7.38225e-5 ]; ...
	  [       3000,   0,      4,   1.11452e-3,   1.05138e-4 ]; ...
	  [       5000,   0,      4,   1.86526e-3,   1.38398e-4 ]; ...
	  [       7000,   0,      2,   1.31353e-3,   1.24779e-4 ]; ...
	  [      10000,   0,      2,   1.85560e-3,   1.64652e-4 ]; ...
	  [      20000,   0,      1,   1.87196e-3,   1.86823e-4 ]; ...
	  [      30000,   0,      1,   2.83373e-3,   3.40546e-4 ]; ...
	  [      50000,   0,      1,   4.61248e-3,   4.22419e-4 ]; ...
	  [      70000,   0,      1,   6.60071e-3,   2.04136e-4 ]; ...
	  [     100000,   0,      1,   8.95472e-3,   3.39956e-4 ]; ...
	  [     200000,   0,      1,   1.86313e-2,   5.69153e-4 ]; ...
	  [     300000,   0,      1,   2.78580e-2,   3.37555e-4 ]; ...
	  [     500000,   0,      1,   4.63746e-2,   6.36639e-4 ]; ...
	  [     700000,   0,      1,   6.55036e-2,   2.33081e-3 ]; ...
	  [    1000000,   0,      1,   9.32748e-2,   1.30486e-3 ]; ...
	  [         10,   8,      4,   1.32514e-3,   1.74461e-4 ]; ...
	  [         20,   8,      4,   1.32374e-3,   1.76302e-4 ]; ...
	  [         30,   8,      4,   1.32361e-3,   1.86264e-4 ]; ...
	  [         50,   8,      4,   1.31701e-3,   1.61518e-4 ]; ...
	  [         70,   8,      4,   1.34708e-3,   2.23851e-4 ]; ...
	  [        100,   8,      4,   1.37430e-3,   4.88930e-4 ]; ...
	  [        200,   8,      4,   1.47582e-3,   7.03975e-4 ]; ...
	  [        300,   8,      4,   1.33764e-3,   1.89522e-4 ]; ...
	  [        500,   8,      4,   1.31426e-3,   1.87702e-4 ]; ...
	  [        700,   8,      4,   1.34173e-3,   1.97216e-4 ]; ...
	  [       1000,   8,      4,   1.32641e-3,   1.82878e-4 ]; ...
	  [       2000,   8,      4,   1.34802e-3,   2.16600e-4 ]; ...
	  [       3000,   8,      4,   1.34826e-3,   2.05913e-4 ]; ...
	  [       5000,   8,      4,   1.35844e-3,   2.06346e-4 ]; ...
	  [       7000,   8,      4,   1.38994e-3,   2.24710e-4 ]; ...
	  [      10000,   8,      4,   1.43983e-3,   2.37767e-4 ]; ...
	  [      20000,   8,      2,   1.24076e-3,   2.46164e-4 ]; ...
	  [      30000,   8,      2,   1.29464e-3,   1.72068e-4 ]; ...
	  [      50000,   8,      1,   1.24934e-3,   1.64939e-4 ]; ...
	  [      70000,   8,      1,   1.68489e-3,   2.18491e-4 ]; ...
	  [     100000,   8,      1,   2.28170e-3,   1.87192e-4 ]; ...
	  [     200000,   8,      1,   4.24551e-3,   2.24330e-4 ]; ...
	  [     300000,   8,      1,   6.20077e-3,   3.01516e-4 ]; ...
	  [     500000,   8,      1,   1.01027e-2,   5.37671e-4 ]; ...
	  [     700000,   8,      1,   1.38716e-2,   7.73204e-4 ]; ...
	  [    1000000,   8,      1,   2.10261e-2,   7.35018e-4 ]; ...
        ];
end % bf
