function T = count3s_p3_time()
  T = [ [         10,   0,    128,   2.44050e-5,   1.08332e-5 ]; ...
        [         20,   0,   4096,   1.57239e-3,   1.07219e-4 ]; ...
        [         30,   0,   4096,   1.97787e-3,   1.66474e-4 ]; ...
        [         50,   0,   2048,   1.70640e-3,   2.88865e-4 ]; ...
        [         70,   0,   1024,   1.10525e-3,   7.72183e-5 ]; ...
        [        100,   0,   1024,   1.58187e-3,   1.00346e-4 ]; ...
        [        200,   0,    512,   1.57143e-3,   9.43624e-5 ]; ...
        [        300,   0,    256,   1.12712e-3,   3.29466e-5 ]; ...
        [        500,   0,    128,   9.64590e-4,   6.55539e-5 ]; ...
        [        700,   0,    128,   1.33082e-3,   3.79179e-5 ]; ...
        [       1000,   0,     64,   9.71992e-4,   7.35199e-5 ]; ...
        [       2000,   0,     64,   1.92918e-3,   1.56567e-4 ]; ...
        [       3000,   0,     32,   1.45746e-3,   1.58186e-4 ]; ...
        [       5000,   0,     16,   1.24107e-3,   7.63993e-5 ]; ...
        [       7000,   0,     16,   1.67634e-3,   1.55169e-5 ]; ...
        [      10000,   0,      8,   1.28373e-3,   1.06133e-4 ]; ...
        [      20000,   0,      4,   1.21241e-3,   1.30553e-4 ]; ...
        [      30000,   0,      4,   1.87062e-3,   3.07967e-4 ]; ...
        [      50000,   0,      2,   1.54997e-3,   1.17699e-4 ]; ...
        [      70000,   0,      1,   1.05852e-3,   4.54153e-5 ]; ...
        [     100000,   0,      1,   1.51976e-3,   4.47831e-5 ]; ...
        [     200000,   0,      1,   3.03651e-3,   2.20896e-4 ]; ...
        [     300000,   0,      1,   4.73688e-3,   5.40453e-4 ]; ...
        [     500000,   0,      1,   7.81207e-3,   4.17147e-4 ]; ...
        [     700000,   0,      1,   1.12468e-2,   5.93406e-4 ]; ...
        [    1000000,   0,      1,   1.55805e-2,   7.12351e-4 ]; ...
        [         10,   2,      8,   1.12728e-3,   1.66146e-4 ]; ...
        [         20,   2,      8,   1.14165e-3,   1.38908e-4 ]; ...
        [         30,   2,      8,   1.16840e-3,   2.08511e-4 ]; ...
        [         50,   2,      8,   1.16695e-3,   1.80261e-4 ]; ...
        [         70,   2,      8,   1.18436e-3,   1.63597e-4 ]; ...
        [        100,   2,      8,   1.09907e-3,   1.21833e-4 ]; ...
        [        200,   2,      8,   1.10556e-3,   3.19550e-4 ]; ...
        [        300,   2,      8,   1.10339e-3,   1.56455e-4 ]; ...
        [        500,   2,     12,   1.53789e-3,   4.44948e-4 ]; ...
        [        700,   2,     16,   1.95832e-3,   2.44141e-4 ]; ...
        [       1000,   2,     16,   1.89129e-3,   2.85827e-4 ]; ...
        [       2000,   2,     16,   1.48169e-3,   2.95808e-4 ]; ...
        [       3000,   2,     32,   2.11679e-3,   2.95452e-4 ]; ...
        [       5000,   2,      8,   1.16348e-3,   1.78698e-4 ]; ...
        [       7000,   2,     16,   1.54016e-3,   2.51841e-4 ]; ...
        [      10000,   2,      8,   1.31981e-3,   2.00678e-4 ]; ...
        [      20000,   2,      4,   1.28475e-3,   2.04581e-4 ]; ...
        [      30000,   2,      4,   1.33521e-3,   1.88011e-4 ]; ...
        [      50000,   2,      4,   1.96741e-3,   4.69368e-4 ]; ...
        [      70000,   2,      2,   1.36434e-3,   2.69300e-4 ]; ...
        [     100000,   2,      2,   1.81466e-3,   3.53869e-4 ]; ...
        [     200000,   2,      1,   1.71614e-3,   2.96366e-4 ]; ...
        [     300000,   2,      1,   2.54204e-3,   2.72974e-4 ]; ...
        [     500000,   2,      1,   4.25088e-3,   4.95086e-4 ]; ...
        [     700000,   2,      1,   5.93356e-3,   4.93918e-4 ]; ...
        [    1000000,   2,      1,   8.81556e-3,   8.57879e-4 ]; ...
        [         10,   4,      8,   1.27211e-3,   1.70218e-4 ]; ...
        [         20,   4,      7,   1.11118e-3,   2.04535e-4 ]; ...
        [         30,   4,      8,   1.35319e-3,   4.22511e-4 ]; ...
        [         50,   4,      8,   1.33966e-3,   2.88695e-4 ]; ...
        [         70,   4,      8,   1.31797e-3,   2.44545e-4 ]; ...
        [        100,   4,      8,   1.33429e-3,   2.66212e-4 ]; ...
        [        200,   4,      8,   1.31835e-3,   2.67160e-4 ]; ...
        [        300,   4,      8,   1.33353e-3,   6.43738e-4 ]; ...
        [        500,   4,      8,   1.29113e-3,   2.58476e-4 ]; ...
        [        700,   4,      8,   1.25955e-3,   2.68967e-4 ]; ...
        [       1000,   4,      7,   1.05872e-3,   2.11595e-4 ]; ...
        [       2000,   4,      8,   1.12290e-3,   2.40585e-4 ]; ...
        [       3000,   4,     16,   1.98763e-3,   3.01726e-4 ]; ...
        [       5000,   4,     16,   1.55568e-3,   2.78670e-4 ]; ...
        [       7000,   4,     16,   1.16503e-3,   2.50271e-4 ]; ...
        [      10000,   4,      8,   1.39187e-3,   2.34185e-4 ]; ...
        [      20000,   4,      8,   1.51226e-3,   2.44252e-4 ]; ...
        [      30000,   4,      8,   1.60274e-3,   2.79413e-4 ]; ...
        [      50000,   4,      4,   1.44737e-3,   2.42261e-4 ]; ...
        [      70000,   4,      4,   1.80332e-3,   3.12580e-4 ]; ...
        [     100000,   4,      2,   1.15631e-3,   2.19074e-4 ]; ...
        [     200000,   4,      1,   1.06313e-3,   1.79937e-4 ]; ...
        [     300000,   4,      1,   1.55511e-3,   4.79919e-4 ]; ...
        [     500000,   4,      1,   2.64904e-3,   3.46853e-4 ]; ...
        [     700000,   4,      1,   3.55286e-3,   3.76883e-4 ]; ...
        [    1000000,   4,      1,   5.12236e-3,   5.82004e-4 ]; ...
        [         10,   8,      8,   1.72923e-3,   8.75283e-4 ]; ...
        [         20,   8,      8,   1.66317e-3,   7.68213e-4 ]; ...
        [         30,   8,      8,   1.61522e-3,   5.30062e-4 ]; ...
        [         50,   8,      8,   1.59011e-3,   4.81261e-4 ]; ...
        [         70,   8,      8,   1.70446e-3,   1.02442e-3 ]; ...
        [        100,   8,      8,   1.59844e-3,   5.72248e-4 ]; ...
        [        200,   8,      8,   1.63489e-3,   6.03876e-4 ]; ...
        [        300,   8,      8,   1.58452e-3,   6.10026e-4 ]; ...
        [        500,   8,      8,   1.58344e-3,   5.10458e-4 ]; ...
        [        700,   8,      8,   1.58896e-3,   8.52840e-4 ]; ...
        [       1000,   8,      8,   1.61699e-3,   7.84776e-4 ]; ...
        [       2000,   8,      8,   1.56359e-3,   7.41830e-4 ]; ...
        [       3000,   8,      8,   1.47591e-3,   5.65080e-4 ]; ...
        [       5000,   8,      8,   1.33701e-3,   5.51895e-4 ]; ...
        [       7000,   8,      8,   1.23399e-3,   5.08797e-4 ]; ...
        [      10000,   8,      8,   1.06141e-3,   4.57357e-4 ]; ...
        [      20000,   8,      8,   1.83288e-3,   1.14249e-3 ]; ...
        [      30000,   8,      8,   1.25966e-3,   8.50606e-4 ]; ...
        [      50000,   8,      2,   6.11388e-4,   2.92959e-4 ]; ...
        [      70000,   8,      4,   1.29891e-3,   5.00804e-4 ]; ...
        [     100000,   8,      4,   1.65879e-3,   6.10724e-4 ]; ...
        [     200000,   8,      2,   1.24353e-3,   4.48989e-4 ]; ...
        [     300000,   8,      2,   1.71612e-3,   4.86525e-4 ]; ...
        [     500000,   8,      1,   1.41000e-3,   3.78039e-4 ]; ...
        [     700000,   8,      1,   1.98991e-3,   5.84926e-4 ]; ...
        [    1000000,   8,      1,   2.75485e-3,   5.83933e-4 ]; ...
  ];
end % count3s_p3_time
